Advent of code 2022 in rust
0
0
0
0
0
0
0
0
0
0
0
0
0
0
0
0
0
0
0
0
0
0
0
0
0
0
0
0
0
0
0
0
0
0
0
0
0
0
0
0
0
0
0
0
0
0
0
0
0
0
0
0
0
0
0
0
0
0
0
0
0
0
0
0
0
0
0
0
0
0
0
0
0
0
0
0
0
0
0
0
0
0
0
0
0
0
0
0
0
0
0
0
0
0
0
0
0
0
0
0
4
9
1
1
24
1
2
8
20
1
2
3
4
4
2
2
1
4
20
540
1
6
84
1
4
1
48
3
1
3
48
4
1
4
8
1
4
1
39
6
1
21
2
1
42
1
26
1
24
8
1
8
1
2
12
1
12
1
4
13
228
2
1
2
12
1
2
72
1
16
1
2
2
600
1
4
16
6
2
1
12
4
1
4
1
364
1
1
6
1
42
1
12
1
1
6
1
14
0
36
1
1
1
1
10
12
216
1
24
1
8
9
1
1
16
72
1
1
1
64
6
2
2
400
6
1
2
48
2
4
1
2
1
560
1
1
3
8
1
20
1
1
6
12
10
4
24
1
1
30
1
12
12
1
160
1
8
1
48
2
8
2
2520
3
90
1
1
2
1
20
4
1
8
144
1
2
1
1920
1
2
6
2
16
2
18
1
1
9
4
2
448
1
1
12
1
40
1
0
2
1
108
6
2
216
1
2
36
1
180
6
1
1
48
1
2295
2
28
30
1
2
1
2
5
81
4
1
63
1
2
1536
3
12
1
6
12
1
40
1
1
60
12
150
1
10
2
4
24
2
40
9
1
1
240
2
2
1
180
4
1
1332
1
96
1
1
9
4
3
6
1
24
3
8
1
24
2
2
3
144
1
1
144
6
3
1
1
9
1
72
1
2
27
300
6
6
1
8
0
2
96
1
1
36
1
4
1
18
1
18
1
1
9
3
1
1
144
2
1
336
9
9
12
16
1
18
24
2
360
24
1
72
1
2
35
1
2
1
9
350
1
4
6
1
200
1
2
1
2
1
12
1
384
6
1
36
432
1
1
27
1
32
3
1
1
6912
1
2
3
8
1
48
1
192
1
2
48
1
6
16
4
12
600
16
2
72
32
1
135
9
4
1
16
1
8
4
1
0
1
1
12
180
1
8
135
36
1
100
1
20
120
12
2
1
12
1
2470
1
10
60
1
2
3
24
1
2
1
16
1
36
3
102
2
1
4
300
6
8
1
1
1
4
108
1
6
9
6
60
8
40
6
8
1
12
1
4
2
2688
2
24
1
4
54
12
1
80
2
120
1
2160
1
120
1
8
660
1
20
1
2
1
8
150
1
18
1
4
81
4
1
9
4
1
12
3
2
4
0
4
6
1
1
40
1
16
1
405
4
1
6
1
60
1
192
1
84
1
12
12
3
1
2
14
1
2592
1
16
1
12
1
1
3
64
10
20
2
7
1
12
1
4
6
1
42
40
16
1
4
2
16
1
1
1
224
1
2
6
6
1
2
420
48
3
2
1
775
1
1
18
24
8
4
6
1
2
72
1
4
108
6
1
2
42
12
4
1
12
1
1
1400
12
1
8
1
120
1
0
1
2
60
4
1
144
3
4
6
1
6
48
1
686
14
12
1
24
2
1
6
2
6
42
16625
4
1
12
1
165
54
2
4
6
1
2
60
1
32
54
8
4
168
4
4
1
36
1
2
2800
1
1
21
12600
12
2
1
36
1
2
18
32
2
1
6
1848
1
6
42
1
10
60
1
1
3
112
18
1
28
18
12
2
6
8
6
1
504
4
1
9
108
1
2
1
4
1
6
231
0
32
160
1
12
8
25
1
18
1
2
1584
1
2
3
2
1
300
2
2
42
1
3872
28
48
8
1
168
160
1
1
3
36
12
168
12
2
1
64
1
4
1
112
1
10
84
1
2
384
120
2
2
144
168
1
30
48
4
96
2240
8
20
1
144
1
10
1
12
2
1
150
2
1
8
1
2304
1
2
24
1
1
1
320
2
4
1
56
300
200
3
3
1
1
240
60
8
16
4
2
0
1
12
8
1
100
3
1
1
72
8
1
972
20
2
18
2
1
144
1
2
4
1
6
432
1
576
1
8
1
4
20
2
6
64
1
12
12
1
20
4
1
8
6
4
1
20
1
96
4
168
20
8
1
2
1
48
378
2
3
1
2
160
1
6
3
24
10
1
324
1
3
54
1
3
144
4
1
6
2
12
32
1
1
30
8
1
1
3
2880
60
1
168
1
4
1
42
2
1
0
3
1
1
96
2
1
72
2
1
500
6
4
1
3
80
1
24
1
20
27
13440
8
1
4
8
15
8
1
480
6
54
1
2
3
24
1
1
30
1
1600
1
100
2
4
1
8
500
3
2
2
1080
1
8
2
16
1
54
1
8
1
24
1
1
12
480
8910
48
6
1
16
1
1
12
40
384
1
24
32
1
4
1
8
384
4
15
24
4
2
24
3
3
1
72
1
1
1
16
24
0
4
1
4
1
12
1
1
48
2
40
108
1
4
3
2
8
1
1
1
216
1
8
1
1
1
72
1
36
1
2
3
512
1
4488
1
28
1
132
4
1
198
36
1
12
6
1
9
216
1
40
1
54
1
1
90
4
126
8
3
1
1
16
18
1386
2
2
6336
10
4
72
1
4
297
1
1
825
1
14
4
2
4950
17
1
10
1
1
1
1
14
18
1
10
1
180
1
1
3
4
0
72
1
72
24
6
1
1
384
144
3
1
45
2
12
2
1
2448
3
2
1
8
4
864
4
1
2
320
1
4
12
2
30
4
2
24
1728
5
10
36
32
8
1
6
7920
24
20
8
2
2
1
240
1
8
30
1
1
6
40
2
12
4
1
110
1
1
1
4
5
3
1
5
30
1
132
28
3
6
1
2
30
1
1428
16
1
4
4
48
8
1
21
1
1
3
1
80
1
112
1
0
3
4
2
2
1
300
12
1
1
1
10
144
1
2
24
48
1
168
3
2
6
2
2
48
1
1664
3
1820
12
1
36
1
520
1
1
3
1560
4
1
9
1
1
2340
1
3
3
1
1
720
12
1
1
18
1
2
28
128
1
4
1
260
48
1
1
9
1485
2
8
6
2
91
48
2
16
5
1
4
1
2
30
1
816
1
2
2
1
600
5
40
39
520
1
18
1
1
12
2
1
0
1
8
1
2
100
1
72
2
16
2
1
1
40
392
2
2
2992
2
1
2
4
120
1
2
36
4
1
224
1
2
3
336
1
60
2
320
4
1
6
16
2
24
1
8
1
8
3
3
6
1
8
376376
1
12
6
12
1
432
2
1
12
1
2016
6
4
1
72
1
12
2
1
3
9
3
4
1
2464
6
48
2
12
5
12
90
1
32
2
20
12
1
1
1
252
14
504
1
4
1
0
2
1
18
12
1
720
1
1
3
16
80
2
1
2
1
4800
6
8
1
180
12
3
216
1
2
1
1
5
240
1
4
2
396
3
1
6
1
8
720
3
1
1
12
120
1
2
3
25920
1
12
1
1
140
1
1
1
51030
1
378
45
1
1
6
1
15
2
1
1890
1
180
3
810
1
4
24
4
2
1
4800
1
1
3
2
25
135
2
1
4
1
10
12
1
2
270
1
4
1
20
0
9
6
1
1
80
1
448
28
20
12
1
6
48
12096
2
12
1
1
18
336
1
2
1
24
16
2
28
504
2
4
768
1
14
1
16
6
6
1
21
168
4
8
1
1
9
1440
2
1
5488
144
12
2
2688
1
192
1
16
6
1
1
256
1184
18
5
12
108
1
2
6
4
1
648
6
1
1
100
6
4
1
18
300
12
1
2
1792
256
2
8
1
144
1
40
126
8
6
1440
8
1
0
2
2
6
136
1
240
1
2
18
4
1
9180
2
2
16
1
240
12
1
1
12
1
16
1
48
8
150
1
1
1
1
192
10
1
1
12
1
12920
1
10
6
1224
4
56
1
1
12
4
3
2
459
6
1
102
2
7310
1
1
12
1
2
2
1
288
4
1
144
2
680
1
1
3
544
15
34
391
1
1
48
1
4
1
1785
2
3
2
1
935
4
14
4
1
1
1
4
18
28
2
0
1
20
2
88
2
2
1
96
3
1
6
4
2
1
352
2
4
1
156
6
504
8
1
216
1
1
3
16
3
8100
2
1
1
16
540
1
10656
12
6
2
288
1
20
1
1728
1
16
1
1
1
90
16
2
72
1
2
4
144
72
3
4
16
1
4
1
28512
6
2
1
120
6
6
1
2
5
8
18
1890
1
360
2
1
2
1
60
1
10
33
10
1
20
864
1
16
3
1
1
1512
0
6
4
1
10
1
6
3
2
40
3
836
2
6
2
912
2
1
4
4
1
30
7524
32
1
2
6
24
216
2
1
45
8
2
20
1
10
12
6
1
6
328
4
2
608
9
6
1
96
1
240
2
1
72
1
20
2
1
4
1
190
2
1
9576
4
190
1
1
36
18
2
1
27
2
6
80
7
396
1
32
1
36
108
1
4
2
2
6
330
10
4
1
10
24
1
80
1
16
1
0
1
480
2
8
320
1
160
1
2
3
121
6
180
1
1
30
6
1200
1
4
9
2
1
60
1
2
4
1
1740
4
3
2560
12
2
1
1920
10
1
1
1
4
288
1
18
1
2
180
1
48
1
8
30
2
4
18
2
30
160
12
2
6
36
10
1
900
2
2
1
2
26100
7
648
3
4
1
18
60
8
1
72
10
1
72
5
56
24
2
4
3
16
32
1
6
48
1
12
1
64
0
18
1
4
1
10
24
1
6
180
1
2
1
8
20
90
3
1
2
189
6
1
6
5796
8
1
192
1
4
1827
630
1
4
1
42
504
21
1
4
3
2
10
2
1008
4
2
3339
1
48
18
1
6
1
1
1
1
1
6
18
1
48
6
1
3
80
1
18
48
2
1
2
1
1
4992
1
8
2
1
2
180
2
1
4
12
525
16
3
1
1
3360
8
1
4
2
720
4
5
504
7
0
66
8
1
60
4
1
3
4
5
2640
18
16
1
12
1
8
16
2
12540
4
1
54
1
1
1
1
15
36
3
1
1
448
4
18
2
1
36
10
1
440
36
1
4
1
990
572
1
3168
1
6
18
4
2
24
2
30272
1
24
4
936
1
4
15
2
1
2
1
56
20
3
132
2
1
1056
1
4
1
64
1
8
1
2992
1
2
1
240
18
1
8
1
160
4
1
50
1
4
1
2
0
7
1
30
1
1
6
1
49
6
1
1
36
60
1
4
3
20
3
1
2
9
66
32
1
48
1
184
1
2
60
3
3
1
1
10
1
4
304
72
2
1
48
1978
12
12
2
460
7
276
207
5520
1
840
1
21
3
9
4
1
15
1
12
1
1
1080
1
8
3
2
1
7728
36
2
2
36
1
6
360
2
2
1
612
1
2
4
8
1
1
3
8
2
1
154
1
216
1
8
3
0
9
1
4
48
1
24
1
17472
1
2
2
1
6
1
21
4224
2
1
4
8
20
1
24
1
1
9
6480
4
36
1
192
2
480
2
30
16
1
1
2
24
1
6
473
1
2
1
24
3
2
12
12
1
4
59400
1
1
972
1
8
6
3
1
2
2
10
108
1
6
7200
1
6
1
4
15000
10
1
16
1
6
1080
1
2
3456
24
1
12
2
150
2
40
576
5
24
8
1
4
8
1
0
1
6
1
12
1
1
2450
1
12
18
6
8
1
63
750
5
250
100
1
1200
1
8
1
400
2
500
1
2
1
4
15
6
1
204
1
7200
6
600
1
150
6
1
27
1
4
9
1
1
9
1
1
5400
1
2
1
8
1
1200
1
3900
1
10
20
2
1
2
1400
2
1
15
672
8
1
15
2
1
4
3
1250
2
800
1
8
1
11200
1
96
1
64
1
112
5
4
1
1
1
240
1
0
2
132
104
16
10
2
1
192
2
8
1
72
2
11648
1
1
3
1
10
1
12
72
1
1
46800
1
2
18
4
1
72
2
4
24
2
4
1
20
3042
6
2
1
6
3
330
1
16
1
30
1
8
1
16
60
1
528
2
3
468
1
52
156
26
1820
30
2
2
1
6
15
6
1
1
9
2
7176
4
1
2
3
24
6
1
120
1
2
1
256
1
12
9
5096
4
2
18
60
4
3
0
210
16
3
1
1
3078
60
20
1
1
1
45
3
1
180
1
2
120
1
12
2
12
4
22032
3
324
1
14
144
8
2
1
2
1
3
28
448
1
2
1
4428
54
51
4
16
6
1
6
12
3
1
60
1
2
8
4
45
1
2
238
2
1
16
3
1
18
27648
216
1
1
3
144
1
2
3
1288
2
1
4
144
1
8
288
1
4
3
16
2
1200
2
2
3
120
10
16
3
1
1
0
9
1
2
24
2800
1
8
1
224
18
3
2
10920
2
1
18
9
4
12
1
1
3
150
2
1
15
1
10
2
1
558
6
4
28560
8
1
4
4
1
336
6
5
2
1
2
1
840
1
2
8
120
1
224
4
1
6
2688
3
1
1
36
2
1
120
45
1
1
3472
1
1
180
1
14
2
10752
4
396
5
4
2
4
4
1
30
3
60
5
1
1
1
1
24
1
1
3
180
4
16
0
1
4
1
8
25
4
6
4
1
150
1
4
1
6
720
1
8
1
2
2
9135
4
1
24
2
30
20
1
48
42
1
105
50
1
4060
72
1
2
81
1
2
42
2
2
4
168
1
1
12789
1
2
1218
2
7830
2
4
1
32
12
1
1
9
120
6
4
2
36
310
5
144
2
1
24
420
1
1
348
2436
2
1
24
1
28
1305
1
58
174
4
1
3915
9
8
2
48
12
1
4
1
0
1
2
48
1
12
1
8
1
54
1
2
1440
2
32
1
480
2
4
4
24
1
504
4
1
18
24
2
1
18
1
6
1
1
204
2
12
6
2
2
8
1
17640
108
2
1
4
1
70
1
8
1
3
2
1
2160
162540
8
1
120
1
4
4
1
2
1
96
1
2
18000
3
6
9
3
5
4
1
6
1
50
2
50
8
1
1
6
13650
1
16
3
4
8
1
12
1
2160
1
40
4
0
9
24
1
96
2
8
4
1
90
2
88
1
1911
3
8
1
36
1
6
336
1
1
6
144
4
1
648
1
4
1
336
1
24
1
6
2
1
2052
1
2
12
84
1
372
992
2
6
324
1
1
9
10
45632
2
1
2
1
30
1
8
126
2
1
8
15
4
1
434
10
1
2
4
1
25
6
3
4
4
310
589
6
1
8
1
24
1
144
3
60
1
3
2
1
20
1
72
2
1
0
1
2
672
4
1
84
1
24
1
126
1
192
1
96
1
1
3
40
20
1
315
40
3
1
1
135
1
8
1
4
40
6
1
4
54
1
2
6
7488
128
288
14
4
1
24
6
1
1
21
128
960
4
1
108
8
4
2
20992
2
4
1
24
15
1
6
1
12
45
360
2
3
1
2
6
576
10
2
1
16
266
1
72
12
54
2
1
3456
1
1
12
616
1
128
4
80
1
8
56
0
2
1
12
1
80
3
288
3
1
2
80
1
40
1
1440
6
8
1
10659
66
6
1
792
2
6
18
4
5
4785
1
1
2
1
100
192
18
6
1
12
1
8
1
8514
4
4
1
4
2
720
6
1
1
128
1
4
1
16
1
1
3
2772
297
7128
10
1
264
1
1
15
924
924
330
24
2
1
2
100
420
18
1
8
1
2
3
2016
72
2
1
1
2
1
42
30
1
32
8
1
6
0
3
6
3
2
45
1
2
18
1
20
1
1
3
2
180
1
1
11016
2
1
36
1
2
9
1
1
27
9520
8
2
4
45
680
1
8
1
56
20672
1
4
1
24
84
1
8
2
120
1
3
1
4
72
1
2
1
16
4760
4
5440
14
1
12
1
4
1
20
2
4
2
4
980
4
1
4
2
3220
1
24
2
1
3
192
4
1
18
4
1
48
3
4896
1
20
1
12
1
1
2720
1
0
6
1
18
1050
1
1
3
2
20
2450
2
3
2
72
1
30
1680
1
2
240
2
1
12
2
54
12
2
1
4
1
13020
1
18
4
1
324
1
1
18
3
36
2
1
16
720
13
140
875
2
6
1
1
80
810
1
1
18
1
2
24
4
2
2
36
3
1
360
4
1
12
3
14175
1120
1
12
1
48
2
8
6
10080
2
1
54
2
1
54
1925
4
1
60
2
1
12
2
3360
1
2
0
2
4
2
40
1
12
6
1
90
20
2
48
2
3
2
1
15
216
1
2
105
1
6
1
2
8424
432
4
28
1080
4
1
2
12
12
1
16
2
1
10560
2
3
1
1
3
1728
3
1
1
32
8
210
1
4
4860
12
1
144
720
24
1
1
12
1
10
792
3
1
2
12
1
4
1
280
4
2
8
1
600
1
2
648
2304
1
30
6
1
12
1
360
1
32
6
4896
1
6
4
864
0
1
198
1
2
120
1
1
156
1
40
1
80
1
4
1
4
4
1
28
40
2
148
108
18
1
2
75
1
12
1
2
4736
2
161024
1
8
2
2
30
2
1
672
6
36
32
1
24
6
8
315
1
6
1
1
40
10
1
4
1
2
60
36
1
2
18870
1
2
20
4
24
1
8
4
28
6
1
2
2
40
2
252
3
2
4
7
21
4
1
1110
1
12
1
1
6
240
4
1
6
0
6
1
162
10
1
24
1
2
5472
1
1064
1
14
12
4
2432
1
8
1
20
1
1
3
16
7600
1
1
36
1
12
4
1
6270
1
4
4
1
220
756
1
90
2
1
8
1
1064
4
1
1
1
180
2
1
24
1
2
24
10
2
1
2
1
25
6
456
4
4864
1
360
2
4
297
1
2
684
3496
20
90
1
96
162
1
6
2
1
45
2
4
120
12
2
1
180
1
1
1
64
1
0
2
1
4
4
80
2
96
4
1
60
2
1
18
12
18
128
12
24
2
52
4
12
4
1
750
36
1
4
1
360
1
12
1056
1
1872
1
4
6
1
6
1
1
120
1
4
3
432
1
24
1
2
6
288
1
1
162
60
3
36
1
2
2
6480
1
64
1
1
30
2
1
4
1
624
2925
1
48
8
6
1
4
8
1
2
37440
4
2
1
2
1
2
2
3
2
10
22
192
4
2
0
1
24
1
600
3
1
2
3
30
360
16
9
1
1
32
1
2
1
189
2
1
66
18
1
40
1
8
1
288
2
2
1
66
9
2
2
8880
6
1
168
1
24
144
12
1
8
1
1040
1
1
12
1
42
1
1
1
1
1
12
84
546
6
1
1680
1
720
128
1
4
609
2
2
30
1
24
1
4
1
1
1
12
8
640
3
2
1
8
100
1
360
1
16
24
1
40
1
1
24
0
1230
1
60
1
4
15
32
40
1
12
2
4
120
2
1
2
2
900
6
1
8
2
15088
12
1
1
1
45
2
1
576
6
1
1
700
82
36
1
48
1
216
2
1
48
8
1
20
1
6
1
1
480
1
144
1
8
66
1
1
3
4
24
2
1
2
1
5
83886
1
2
14
3
208
3
1
1
6
9
1
8
48
1
192
12
2
4
1440
1
3
108
16
2
1
16
1
12
4
1
0
1
8400
5
1
1
18
1
20
1
1
1
900
1
2
15120
6
1
4
1
300
1
2
3
64
1
6
1620
2
2
12
2
30
192
16
1
1
1
8
1
1
1
48
1
1
36
552
36
2
12
5
1440
1
12
1
1
3
24
6
18
1
16
270
24
1
1
1
60
4
8
36540
9
16
1
18
4
56
1848
3
20
1
16
408
2
1
90
1
8
192
120
2
1
120
16
1
2
1
40
12
0
1
1
12
1
24
1
8
24
1
16
6
1
4
16
1
1920
32
3
4
1
70
9
1656
1
3
6
1
5
1260
2
1
6
1
60
1
1800
2
180
1
18
360
1
6
30
1
3
1
1
1200
1
6
2
128
4
6
8
1008
1
1
9
1
6
1
24
56
1
12
3
1
1
12
1
24
50
24
1
1
18
1
10
3
2
6
48
1
450
1
6
12
4
18920
5
1
12
2
1
84
1
0
12
1
48
8
20
1
2
3
1
200
4
12
1
4
240
1
5808
2
54
6
1
3
30
561
1
2
324
60
1
12
18
15488
4
1
36
15
3
3
1
1
25
8
396
40
1
1
2
32
1
154
1
2
1
4
1
1
1
32
1
4
352
1
120
1
4
60
2560
2
6
1
1
90
1
1
576
1
968
84
40
8
1
1
1
10
38808
1
16
1
2
1
168
4
2
150
1
18
6
42
0
1
1
1
4
1
3
56
288
5
110
70
1
24
1
12
6
1
1
3
1
672
3
1
2
300
324
2
1
4
1
1
1248
2
40
1
1
6
1
280
1
1
3
24
1
416
3
24
2
2
24
1
2
12
8
8
108
2
1
2592
1
4
1
8
6
1
1
112
1
4
1
60480
1
12
150
1
18
44
1
20
1
4
24
6
1
1
24
1
1
60
180
4
1
20
1
300
2
4
1
0
25
48
6
48
8
171
1
1
2304
2
16
2
56
6
8
1
28
2520
1
1
3
30360
1
4
1
8
1
252
6
1
66
2
1
6
2
8
1
4
1
12
1
88
1
4
1
92
5
36
1
2
3
1
1
1080
6
1
2
12
2
4
2
6
5
1
4
4
1
775
8
4
14
6
4
1
12
1
2
14
170
42
4
816
5
6
2
2
75
16
1
1
1
11270
36
1
4
1
16
1
0
1
6
1
2
6
12
3290
16
1
1
3
525
2
1
2
4
2
1
63
25
1
2
12
1
3300
4
3
2
32
12
131130
4
2
40
1
6
12
1
8
6534
1
1
6
12
1
72
1
1
12
1
2
36
140
1
1
42
1
2
1
3
1
1
150
140
1
8
2
744
1
80
1
30
1
8
1
8
80
7896
4
1
6
2
36
480
3
3
12
5
40
6
4
1
45
1
2
9
4
60
0
1
4
2
640
1
2
9
2
1
18
2
16
10
1
1800
2
1
36
4
1
12
1
1
4
420
1
16
1
2
1
4
1920
4
1
36
15300
5
3
1
1
12
30
6
1
6
1
1
12
1
4
90
16
10
1
8
72
5
96
2
960
8
144
1
2
12
2
1
6
2880
12
2
1
18
48
2
12
3
84
1
4
270
1
1
9
2
1
2
2
160
1
16
6
1
4
48
3
4
3
0
1
24
6
1
4
18
252
12
1
18
1
2
9
84
1
480
6
1
1
6
240
2
828
1
6
1
1
60
252
1
20
3
1
1
3
21
1
8778
8
1
80
1
4
1
28
52
1
54
42
4
54
12
1
1
1
4
1296
1
1
12
1
1
1
24
1
1134
8
72
1
3
672
44
1
2
15
112
2
210
24
342
8
2
8
1
60
2
24
1
2
972
20
4
1
30
16
1
2
6
0
1
12
4
1
200
5
2
1
32
1
55
36
1
2
6
48
3
4
459
4
1
12
184
30
8
1
288
1
20
3
12
2
160
1
2
3
5328
10
1
3
2
1
5
6
120
1
1
1
20
140
15
1
1
192
2
1
1
64
9
2
1
216
6
1
1872
1
1
3
480
1
2
2
8
1
864
2
1
40
6
1
1
8
1152
2
1
36
1
12
480
2
2
1
72
1
16
2
28
1
0
250
1
1
3
4
12
2688
4
1
4
204
2
2
714
12
36
1
2
4
1
8
440
3
1
1
288
1
1
3
367200
1
12
3
4
700
1
4
1
16
16
2
1274
6
1
1
6
35
1
1
1
1
1
1
14
195
180
6
1
2
18
1
2
60
2
1
2
8
180
1
1
840
2
1
12
1
690
18
2
1
4
4
1
12
2880
4
1
504
3
1
1
9
250
4
1
2
9
25
32
0
1
20
32
72
16
1
8
3
36
6
1
12
3
3948
1
16
1
8
1
468
1
1034
84
3
40
1
4
3
1
70
30
2
1
15
1
3
222
12
6
1
1
40
1
8
1
2
3
1
1
12
1
480
1
1
27
1
1
72
1
2
96
2
10
25
2
12
84
3
470
50
56
16
94
700
10
1
9
4
2
630
1
8
1
2
15
190632
1
2
4
20
1
2
1
6
4
234
3
1
0
6
12
12
1
5
12
8
1
2
24
4
1
2912
1
2
3
28
378
24
1
8
5
1
1
1
8
48
7056
12
1
8
2240
1
64
36
8
1
48
1
12
8
12
18
1
36
1
448
1
1
9
1
1
15
189
1
8
48
1
64
45
1
4
6
385
12
1
4
1
48
1
4
1
28
6
19872
5
2
1
16
4
60
1
24
1
11592
8
1
24
3
1
1
1029
6
850
3
1
1
8
0
1
3
30
3
1
1
4
864
72
4
1
36
1
4
18
2
4
1
342
1
1
3
12
1
72
702
1
40
1
4
3
3
30
1
18
1
20
1
4
1
1
5
344
180
1
16
1
40
1
6
1
1
504
2
6
2
1
3
3
1
96
1
2
1
16
1
240
2
2
4
10080
48
6
4
1
60
1
9450
2
1
108
72
1
1
36
1
1
3
288
4
1584
6
1
1
64
4
1
6
0
2
1
2
72
1
288
2
2
1
1
2
432
8
3
360
1
2904
1
4
108
144
2
1
2640
1
6
4
1
60
12
1
1
528
6
6
2
180
1
16
1
25344
3
2
1
12
1
1
1
20
1
20
1
72
1
12
20
16
2
1
2
16
2
160
8
1
6
1024
3
128
1
8
1
1
1
24
1
1936
1
16
1
4
1
960
2
3
1
1
45
1
1
6
1
180
1
16
192
8
1
0
105
1
20
2
1
12
1
1376
1
660
1
30
2
4
30
8
1
324
1
28
1
28
1
48
4
6
516
2
24
1
1
1
132
215
1
2
1
3
2430
6
1
54
1
8
72
5
6
2
504
2
1
96
2
144
2
1
2
32
1
72
1
2
2
1
28
59598
1
2
3
2
150
6
6
9
60
30
44
6
1
1
432
6
1
1
16
9
2
1
48
2
4
9933
2
1
9
2
150
2
0
84
8
160
2
1
2
128
2
189
1
60
1
1
3
4
192
2
6
30
1
4
6
12
168
1
4
12
3
2
1
4340
3
2
18
1
96
1
252
1
6
1
2
72
1
2
1
108
1
1
105
2
2
1
2
40
1
16
4
16
1
288
2
7
84
1
4
30
24
1
54810
6
1
12
1
1
3
6
72
6
10
1
12
6
5040
252
100
6
4
1
10
120
2
1
36
1
2
12
2
0
1
2
12
8200
5
4
6
1
162
2
64
12
2
4
1845
28
9
10
2
1
18
1
5658
4
77
1
1
96
1
2
1
70
4
1
12
1
6
152
1
264
6
1
1
24
2
1
27
72
3
4
54
2
84
4
2
1
6
1
1
546
1
1
24
1
100
1
2
2
1
210
5
1
1
1
8
12
12628
1
1
3
8
8160
1
4
5
8
35
96
10
324
40
1
108
4
1
27
1
2
0
2
288
1
1
3
128
1
120
1
6
1
1
60
70
1
8
1
2
228
6
2
8
1
1
1000
360
1
2
720
12
9920
1
4
1
336
1
4
1
36
4
1
168
2
44
30
1
2
1
1
25
1
2
2
1
88
4
2
1
16
6
2
4662
1
60
1
2
12
24
8
2
144
3
12
42
2
5520
6
8
1
21
432
1
2
36
1
4
180
2
14
2
1
18
2
1
18
72
6
40
0
1
1
12
4
1750
1
4
9
8
200
32
2
1
1
60
1
1
324
40
1
90
1
2
18
1
1
216
16
1
1
3
8736
624
9
1
6
140
48
1
2
2
1
70
3
1
1
6
2
1
240
2
8
12
1
8
215
4
3
1
1
288
1
4
1
3
60
1
2
24
1
4
48
3
200
1
1
9
1
6
702
2
4
480
6
1
1
6
2
1
126
1
32
2
210
1
2
2
1
0
80
4
1
2
24
4
112
2
4104
1
1
15
672
4
1
9
6
2
8
30
1
2
20976
4
2
2
4
12
1
4
96
1
1254
38
350
1
2
3
2
60
1
16
1
224
8
15
1
1
24
1
63
20
1
1
9
8
28
8
54
4
1
48
1
2
1
160
2
3348
3
6
1
108
1
1
150
72
28
2
240
2
1
3
1
420
1
8
1
120
4
72
12
1
4
2
48
12
152
2
0
2
1
420
20
1
1
6
1
5
13320
2
6
2
1
12
18944
2
1
20
1
8
1
2
14208
9
2
1
2664
1
300
4
1
6
1
3885
2
4
24
2
222
42
1
1776
3
72
104
8
16
60
1
1
24
1
180
1
1
12
1
2
5328
2
1
72
4
1
6
35
9176
2
348
24
1
1
108
1
80
1
6
1
1
30
2
666
555
1
1560
6
1
1
8
1
16
1
1
3
1110
2
1
0
1
32
1
1
6
48
12
32
6
2
1
20
2
4
2
1
17
18
1
56
1344
462
8
1
18
2
1
90
8
1
1
3
25
4
1
648
20
3
1
1
3
7392
1
2
60
3
2
1
8
6
8
1
99
6
1
48
1
112
2
1
72
1
4
1
6552
1
18432
6
2
1
6
9720
16
3
1
1
20
324
340
6
2
27
1
2
72
1
4
1
72
1
5184
1
2
120
32
2
136
4
0
6
2
4
48
3
3
1
2
3
120
4
4
1
10
2
64
4
2
8
1
60
1
2
1
2
2600
1
4
1
8
4340
1
2
9
6
4
1
760
2
24
1
30
1
4
1
4
30
40
4
1
120
6
2
1
128
1
16
9
120
4
1
18
7
67375
1
12
4
1
525
32
1
2
3
17500
1
48
1
40
500
1
2
6
32
1
140
1
140
6
60
2
6
8
72
3
12
1
1
525
0
1
1632
1
1
3
80
2
80
1
2
1
16
6
182
168
1
4
1
32300
12
1
8
80
6
1
4
4
10
240
1800
4
1
2
2
1530
1
4
1292
1530
1
90
1
18
3400
1
1
6
1
25
165
2
1
48
10
1
1
2
1
10
1
5984
1
24480
2
2
1320
1
24
1
6
2
40
2
1
96
1
1760
1
1
6
108
1
2
4
15
1
8
1
2
11016
1
14
4
1
2
288
4
4
0
30
3
192
20
2
1
36
1
4
1
384
2
1
56
3
132
10
21384
1
1
12
1
2
96
12
1
12
960
1
1
30
12
4
1
4
2160
9
1
6
1
1
6
1
2
6
368
1
80
1
2
6
660
9
3
8
9
1
2
24
8
66
25641
1
4
3366
1
198
3
4
1
12
10
1
6
1
8
60
1
2
1
4
44880
60
1
2
48
1
9075
1
4
1
18
1
4
120
6
1
1
0
2
1
2
8
5600
4
1
9
12
120
1
36864
1
4
1
6
2
1
3
960
3
4
12
1280
1
6
7
3
1
1
9
1
1
360
1
2
41440
1
4
36
6
80
2
8
1
16
189
1
1
6
24
1
2
14
96
4
2
36
40
1
4
24
128
1
1
36
3
12
1
2
1792
1
336
12
16
1
3
4
4
2
36864
18
1
50
1
1
6
1
4800
7
72
1
4
240
2
1
24
40
0
4
1
1488
1
4
1
16
1
4
1
11594
3
434
10
1
4
12
1
45
6820
1
60
1
1
18
1
3
2
1
9
19220
1
330
2
2
100
2
96
12
1
2
3906
9
186
2790
4
1
8
1
210
1
12
8
1
8
1
3038
1
2480
6
1
1
6
60
4
6
1
1
40
72
28
27
1
1
1
8
15
4
1
9
3
1
1
120
6
4836
72
10
1
1
1
2
432
10
3
27
2
1
0
24
8
2
63
256
4
168
3
1
1
36
4
2
126
16
1
4
6
1
24
2
1
18
28
1
260
72
6
240
1200
8
1
12
1
4
72
1
12
1
80
1
28
4
1
12
1
4
2
56
1
15300
2
180
4
1
15480
1
24
2
1
12
4
1
96
1
1
3
84
1
2
2520
210
2
8
1
2
30
1
21000
684
22
1
1
6
1
30
2
1
12
2
1
924
1
10
2
2
1
4
0
1
240
1
2
1
30
1
90
24
1
12
1
1
294
1
12
1
4
4
1
42
2464
7
1
8
1
1
1
4
6090
1
8
1
36
1
1
252
1
2
3
300
1
1
4
4
15
8178
1
10
232
8
1
2
464
2
1
1
14268
1
36
4
1
30
3
4
2320
6
4
2
3364
8
1
126
1
1
621
22
2
1
2
1
6
96
1
12
52
2
40
6
1
2
3
10
10
1
2
54
1
0
30
3
6
6
4
168
6
1
1
168
1
168
18
2
5040
1
560
6
60
2
23520
1
16
4
24
80
4
16
2
4
2
22
8
192
12
1
4
2
1
640
1
96
18
1
4
10304
6
280
1400
12
3
12
4
14
312
3
4
1
24
3
1
3
1
2
72
1
2
364
5880
2
8
2
20
8
90
644
10
12
8
2
120
5
4
1
1
1
23520
1
2
2
1
20
18
12
560
36
1
8
0
4
1
18
1
2
18
1
8
2
60
8910
1
8
1
4
1
6
9
1
1
10
4752
1
1
6
32
1
4
1
864
1
32
1
16
1
12
1
3648
56
1
8
1
6
1
1
1296
5
2
3
1
1
144
1
16
3
4
1
984
2
1
12
90
12
1
1
6
26
42
12
1
6
1
1
3
4536
2
6
10
1
1
1
4
576
8
1
84
4
1
4
5
50
1
168
4
1
2
1
200
0
1
1
1
8
120
1
364
54
1
8
1
1
1
546
1
210
1
1
18
4
4
4
1
24
1
2
11232
12
12
1
100
1
12
1
1
4680
312
1
1
1
144
6
16
1
4160
16
9
1
2
24
1
2
128
3
1
2
1040
1
1300
1
1
12
1
18200
2
4
1
56
1
42
6
16
1
81
1
2
32032
1
4
936
12
2
78
1950
168
5
1
3
6
1
10
5096
1
10
12
1
72
3
0
96
8
48
18
1
2
8
1
256
12
8
1
78
2100
1
12
4
1
6
1080
1
1
1
16
2
260
3
3
1
4
375
6
1
750
6
1
51
2
3159
3
6
1
2
36
54
2
1
270
3
2
10
2
375
16
1
750
5
4100
4
6
60
1
12
1
1
2000
2
1
6
100
112
1
3
150
4
48
2
40
400
3
1
1
3
20
1
4
2
160
1
924
1
4
2
1500
2
6
1
1
0
6
1
6
2
1
336
3
8
1
2
1
16
14
3
840
1
6
12
1
4
4
14
1104
1
9600
216
1
20
2
36
2
1
40
1
1350
1
1
2736
24
36
2
1
72
2
1
18
2
1
1728
2
132
2
1
4
112
1
1
6
1
4
1
2112
6912
8
336
3
1
4
6
1
336
8
1
24
3
1
1
6
1
140
2
2
2
1
60
360
24
1
64
1
7680
7
1
4
1
4
8
2
0
1
506
16
240
27
1
4
24
1380
4
4
105
64
2
1
2
240
1
475
1
1
12
1
420
1
4
1
64400
6
1
60
1
6
72
1
1
1
60
1
920
21
10
1
12
1
1
30
42
6
1
3
188
4
1
12
16
2
8
960
12
1
6
2
2
9
12
8
1
3
42
2
1
75
6
24
16
2
120
4
3
621
3519
1
324
1
1
1
4
1
6
1
16
4968
1
320
1
1
72
0
1
8
1
4
1
120
1
56
2
1
300
2
1
2
210
3
2
198
4
4
1320
2
1
2
2
750
3
3
1
4
16
6
1
4
24
2
1
6
1
14
902
132
1320
198
3
16
528
44
1
264
22
66
18
2
17424
1
48
1
4
2
1080
6
1
8
1
12
1
72
4
1
880
16
8008
1
2
1
48
1
4
1
8
4
2
2
2
64
2
3
24
108
220
2
1
12
1
3960
8
1
0
168
1
64
12
4
1
40
336
1
882
3
10
72
6
1
90
1
72
3
1
2
288
3
2
108
1
8
2
216
1
1
108
1
1
144
1
32
1
468
1
24
1
2
7
56
1
6
3
1
6
1
4
1
357210
3
1
1
128
1
2
1
9324
60
1
4
1
72
1
1
12
1
2
120
1
6
1
1
12
10080
1
18
48
1
8
1
2
45
4
2
1512
7
168
2
280
1
6
1
1
0
3
180
2
1
108
6
2
2
8
2
2
1
13
20
8
2
8
360
40
40
1
4
12
60
1
24
2
1
5
189
2
1
3630
6
1
24
1
1500
4
1
4
1
40
2
1
3
160
1
18
14
1
20
1
1
36
1
250
1
6
108
2
4
1
16800
24
1
1
1
320
2
8
1080
1
20
1
1
12
1
10
3
10
1
396
1
4
12
288
2
1
27
1
6
27
2
1
6
12
1
0
1
2
6
6
8
1
336
1
2
1
4
1
12
8
2
1
2
8
2
60
6
1
3
192
4
1
20
48
6
16
1
144
1
2
700
399
1
1
456
3
1
171
32
4
20
15
9
4
1
12
912
1
570
4
1
8
1
190
9
1
8
1
96
1
2
96
1
37107
1
1
3
4
60
1
32
144
3
3192
9
2
3
24
1
48
1
1
1
64
2
42
1
4
1
24
6
1
714
4
0
1
12
3
4
1
1
3
8
4
300
6
6
4
1
20
384
5
48
1
2160
1
6
648
1
648
6
2
1
6
1
120
1
2376
2
216
8
1
18
144
3
90
16
6
1
1
120
1
128
2
1
6
48
1
216
4
756
3
3
240
1
1
54
1
8
12
1
18
1
8
12
1296
2
1
12
2
1
1056
5
3
1
1
9
120
1
288
108
2
2
7560
54
9
1
1
3
1
12
1
1
0
24
1
204
204
1
850
2
6
2
1
250
1
52
24
20
1
120
1
18
1
2
2992
1
136
1
60
3
2
54
4
1
72
2
1
306
1
32
1
4
1
3485
1
1
36
2
30
1
1
1683
1
1
21
2
8
1
8
2
1
7
2805
6
1
2
3
20230
2
1
210
1
2
2
2
40
144
4
4
1496
2
1
72
2
1
3
288
1
1
1836
1
24
10
1
6
720
12
1
54
2
850
0
1
4
1
4
1
12
1
6
2
320
1
14
1248
1
4
1
8
2
288
4
96
24
3
4
2
8
1
4032
1
1
192
1
32
6
2
1
18
2
8
1
16
4
48
1
24
1
48
4
1
2
24
11648
2
1
24
1
2
2
448
2
7296
2
1
108
1
2
6
1
4
378
1
1
156
16
3
1
1
160
3
152
6
2
2
2
30
22
2
8
1
4
1
30
12
2
12
2
1056
4
0
1
4
1
2
25
6
420
1
30
2
1
150
1
4
900
3
32
1
2
1
4
1
4
1
24
5460
1
4
1
8
2
24
525
4
3
1
1
50
10
16
4
1
7740
2
1
990
2
1
36
5
10
1
128
6
1
4
34650
180
4
1
2
180
12
1
2
324
3
1
2
12
2
360
1
1
108
1380
4
3
1
3
15
9180
2
1
4
40
1
700
1
4
3
36
4
1
3360
1
2
1
0
12
1
1
18
8960
28
1
12
3
1
9
1
16
1176
1
112
5
1
4
8
2
420
1
2
18
1
9072
1
420
4
1
2
2
2520
1
20
2
8
2
8
1
20
2
28
13230
1
8
168
5
10
1
1
9
12
34496
1
84
2
1
30
4
1
24
1
12
1
468
45
6
1
4
4
336
1
672
3
2
1
420
1
4
1
8
10
2
2
16
1
180
1
48
4
1
7350
8
2
168
2
0
91
6
1
1
6
1
12
42
1
18
1
3
26
1
104
1
187
1
2
4
1
5
54
2
1
24
1
132
1
4
2
768
1
8
2
44
12
234
1
1
36
3
1
1
54
3
2
1248
1
8918
2
144
1
1
1
780
5
12
9
24
1
16
1
36
5
1
12
1
1
870
6
1
1
9
2
1
196
1
1
12
1
8
1
5460
216
1
2
1
16
2
36
1
384
4
1
4
2
1
0
1
12
5
4
80
1
1008
4
1
2
80
1
12
18
2
2
204
12
432
1
2
12
1
16
6
1
2
18
4
1
24
3072
18
2
1
18
2
1
18
32
5
48
4
720
1
1
72
1
12
1
1
12
1
16
1
1
3
4
270
1
48
1
2
6
72
1188
1
12
4
1
120
2
16
36
4
2
12
6
4
24
216
3
2304
2
1
12
45
12
1
4536
1
72
4
1
16
1
40
120
0
2
1
90
144
6
1
1
4
4
60
1
2
2
1
2
1
21
1
1
1400
2
2
4
1
3300
36
2
1
12
29700
1
12
1
1
1200
1
24
1
2
770
1
16
1
4
4
1
693
110
1
2
24
1
440
3
72
24
2
2
2
64
2
4
12
1
2
3
1188
6
6
1914
2
1
18
1
66
44
242
60
2
1
9
1
2
3
32
1
2
1
32
1
8
1
1980
4
1
54
1
1
0
1
80
1
12
1
128
2
2640
20
2
30
6
16
4
2
40
1
3600
24
2
1
12
1
8
3
1
6
600
1
2
12
1
12
4
1
12
1
450
40
1
4
1
100
1
18
6
1
18
2
6
765
9
2
240
24
4
1
36
1
12
1
20
320
120
1
56
3
8680
1
12
540
400
1
6
1
1
6
1
14
3420
2
1
6
60
1
200
1
330
1
8
9
10
54
8
4
2
1
8
0
2
162
4
1
8
1
2
1
1
1
66
1
2
54
3
16
1
2
3
48
7
42
4
1
24
24
4
1
16
2
837
6
120
16
10
8
112
2
1
6
18
8
1
42
8
6
8
2
294
36
72
1
2
1
4
1
4
63
48
1
4788
1
2
12
2
1
2
48
30
4
1
4
1
10800
8
6
1
4
16
1
84
6
64
2
8
1
24
1
8
1
64
1
1
3
16
3
1
1
0
6
1
24
1
180
4
4
12
2
5120
1
224
2
8
2
4
3
384
2
1
7056
1
2
270
4
1
1
1
480
2
1
3
4
1
2
1
30192
2
1
135
2
1
252
2
1
18
1
1
480
3
1
1
192
2
1
81
5
4
3200
1
6
1
12
108
1
2
1
20
2
1
4
2
5616
2
576
1
72
1
1
30
4
2
1
2
10
8
1
2
42
4
1
24
2
8
1
378
1
64
0
1
56
1
64
1
2
6
8
1
8
770
8
1
1
1
70
10
2
8
2
4
1
252
1
60
2
12
2352
1
4
42
112
4
392
1
4
1
36
2
2
3444
24
28
4
588
1
12
72
5
2
2
126
2
1
315
2
4
1
20
8190
7
3
4
2
2
2
54
1736
1
12
1
2
8
1
12
1
3
120
7
9
20
2
112
6
2
1
280
21
770
25
24
1
4
210
4
1
30
1
0
1
1
90
12
2
32
1
2
8
3
4
1
468
6
3
12
72
1
24
12
1
48
1
1728
1
3
1
1
20
1440
4
1
1
1
16
1
4
336
1
24
1
2
1
4
14
54
1
4
2
2
6
14664
6
40
1
6
1
4
10
1
684
3
1
1
12
3
1
1
120
1
4
2
1
300
1
20
1
2
400
1
8
2
12
1
112
1
1
6
1
24
1
1
1
1
1
12
8
2
0
18
6
4
1
225
1
4
15
4
1
24
3
1
84
1
20
1
6
1
180
9
2
2
18
1
14300
18
32
1
2
6
40
6
4
1
36
330
1
200
2
12
6
12
36
1
8
1
16
1
96
1
16
6
1
2
540
12
1
2
3
1
420
6
15
1
4
2
8
3150
1
280
15
4
1
30
4
1
28
1
2
14
1
1
12
1
1
1
7
6
1
4
140
20
40
8
18
3
1
0
1
1
3
16
1
48
96
1
1
1
2
20
48
392
6
2
4
8
2
1
224
1
108
2
12
3
1
1
1856
2
8
2
160
1
5
4
1
12
1
1
128
1
8
1
48
1
784
6
2
4
1
1
1
14
36
2
1
48
2
3
336
1
1
240
32
6
24
1
600
6
7
3
1
6
3
1
24
42
4
24
1
198
1
12
1512
16
1
72
1
8
1
16
2
1
2
48
1
2
0
4
1
12
1
8
1
4
1
36
56
1
1
6
12
2
1
42
1
399
4
1
18
4
1
3
42
4
4
2
27
3
1
198
4
240
1
2
12
1
450
9
4
1
16
2
72
1
24
1
16
6
36
1
336
6
1
12
1
6
1
2
16
63
2
1
126
3
248
1
2
6
3
90
1
6
144
3
126
1
14
8
1
1
3
4
1
112
2
6
1
48
7
1
8
24
2
1
2
0
24
3
2
1
8
4
98
1
10
1
6
1
1
84
1
2
6
4
114
2
1
84
1
16
20
1
4
1
10
1
1
18
1
5
2
6336
9
1
1
18
1
6
9
720
1
4
4
1
30
1
1
6
8
20
1
6
4
1
225
1
2
36
1
16
2
2
2
372
4
18
2
2
18
1
1
24
1
4
72
4
180
8
4
8
2
16
6
1
1
60
1
28
1
1
1
16
16
1
0
1
1
24
9
1
1
14
4
4
2
16
1
12
1
240
1
4
1
2
60
3
2
276
2
1
4
4
4
5
4
1
3
4
10
1
2
5
8
2
1
4
462
12
1
24
2
1
6
28
18
2
1
1
8
1
6
1
2
9
234
1
1
2
1
1
3
2
1
33
4
1
1
3
60
1
1
3
1
1
11
1
1122
15
1
2
6
1
90
1
1
1
4
270
8
1
1
1
28
RESULTS
P1: 1818
P2: 376376
